Hbox4 versus xsokoban 1..90:  [solves ~ 36 out of 90]
Fail: t => time>600
Fail: m => memory>7.5Gb
times in seconds
------------------------------------------------------------
   0           1              2            <--AlgoSelectMode
#  Quickest    Efficient      NonHungarian

1  0.1         0.03           0.1
2  13          26             53
3   1           5             13
4  653         m              m
5  53          47             72
6  9           2              7
7  17          12             4
8  247         m              m
9  28          34    
12 23          9              103
15 58          139            310
17 71          34             49
18 144         197
29 608         642            185
33 94          107
37 257         t              t
38 44          52             11
43 m           t              82
44 91          145            72
49 9           13
51 14          64             89
53 1           1              249
54 29          41
56 52          67
57 386         355            m
59 44          148            t
60 150         39
62 m           98
64 618         t              t
68 5           3              239
71 177         m              t
78 5           3              239
79 365         m              m
81 57          m              m
82 145         265
83 8           12             m
84 21          59             520
86 16          22
87 10          17
=======================================

